articleId,content_length,content_polarity,title_length,title_polarity
0655,5,0,77,0.021205357142857144
0000,6903,0.009320239444382882,42,0.026041666666666668
0001,3686,-0.011231692714792801,60,0.01611328125
0002,1221,-0.002697400304348384,78,0.0008680555555555555
0003,6713,0.00214904553848332,66,-0.0126953125
0004,3555,0.004720177948317749,70,0.0019429524739583333
0005,3024,-0.014093147044931531,72,-0.06919642857142858
0006,4203,0.005156285030079496,61,0.0
0007,4444,0.00831228282639136,73,-0.025913783482142856
0008,482,-0.01708629519440407,61,-0.050130208333333336
0009,2053,-0.009370523210088693,84,-0.009114583333333334
0010,2394,0.01758687587907256,59,-0.008946010044642858
0011,6493,-0.0003519702446841434,65,-0.026041666666666668
0012,4218,-0.006113114570439293,65,0.011034284319196428
0013,3292,0.011653004067448822,77,-0.025146484375
0014,1181,0.013586664377425737,58,0.00316619873046875
0015,3802,0.021472515789577776,83,-0.032552083333333336
0016,2187,0.011651039295356517,54,-0.005517578125
0017,6647,0.0013319590431332413,71,0.0232391357421875
0018,1780,0.010230754908168665,63,-0.006736210414341518
0019,920,7.723584587191358e-05,55,0.0009765625
0020,9395,0.01733778361671306,63,-0.0151123046875
0021,2743,-0.007127960624753452,65,0.017857142857142856
0022,1526,-0.001470648343002661,58,0.004464285714285714
0023,4843,0.0050618118087489465,54,0.013632141053676605
0024,4319,0.005137820092659383,86,-0.005326704545454545
0025,6140,-0.005929803317128799,74,0.066650390625
0026,3057,0.010460461755121794,71,0.010416666666666666
0027,1868,-0.0026982701244111546,57,0.05625
0028,4789,-0.012128294353033527,71,0.0
0029,1451,-0.017776533237455653,98,0.028125
0030,2754,0.009286080612051835,87,0.018465909090909092
0031,5345,0.017105852087159864,88,0.057074652777777776
0032,2514,0.005555701015177582,69,-0.04043163572038923
0033,2716,0.0016265155382322,84,0.009410511363636364
0034,4212,0.011731341371950936,72,0.0394287109375
0035,1506,0.0021245457072573454,71,-0.016357421875
0183,2396,-0.0022572772481939396,86,0.003125
0184,1563,-0.0068296723886574,97,0.0024014986478365385
0185,2127,-0.016453877822894963,66,0.014137312420643866
0186,2879,0.0038662040816387923,92,0.013122590851377357
0187,2245,0.028871402813546478,66,0.009765625
0188,3758,0.008525151818306296,63,-0.005208333333333333
0189,3253,-0.01153815124961112,103,-0.028645833333333332
0190,2014,-0.027423776116840704,71,-0.0546875
0191,1761,-0.0030690940753046996,107,-0.016867897727272728
0192,1747,0.00569307143931234,65,0.014013671875
0193,1920,0.002336231302980603,5,0
0194,4218,0.01058323657162888,101,0.00859375
0195,2558,-0.010272211375096445,104,0.006941370774357993
0196,2335,0.022206490982418375,5,0
0197,3464,0.0065691383073777105,95,-0.03196022727272727
0198,2357,-0.005178775596797232,76,0.003926595052083333
0199,2707,-0.00071442640709238,93,0.01740056818181818
0200,2804,0.011574201772957137,101,-0.009375
0201,2763,-0.000943093494917779,75,-0.08681233723958333
0202,1838,0.01908446688188199,93,0.05078125
0203,3297,-0.0012906946735518308,73,0.08278401692708333
0204,1557,0.008600285114789491,95,0.00390625
0205,1122,0.012823464989196509,102,0.11610243055555555
0206,275,-0.011543273667642929,61,0.005208333333333333
0207,1439,0.010272909024931233,84,0.013472123579545454
0208,1586,-0.0006978144156476487,5,0
0209,1648,-0.002405812486375473,82,0.08159722222222222
0210,5,0,85,0.0009765625
0211,1018,0.04713246855268817,5,0
0156,4260,-0.002135837609620025,105,0.007476737101872762
0157,2422,0.007762080961187962,89,-0.06875
0158,2463,-0.006730038846238234,5,0
0159,2248,-0.0031312381412669506,93,-0.052190607244318184
0160,1815,-0.013161442439199344,98,-0.027499112215909092
0161,3114,0.006379096459087877,90,-0.015625
0162,2391,0.006798843696904627,103,-0.0011746413030778058
0163,2785,0.010844969825422959,87,0.0007595486111111111
0164,2059,-0.01232707289760695,82,0.005425347222222222
0165,1798,-0.01921009553543148,97,-0.04705734252929687
0166,2351,-0.010376302936359423,89,-0.03515625
0167,2543,0.011029655722796477,70,0.028856065538194444
0168,2643,-0.03892208093577117,66,0.010323660714285714
0169,1905,-0.04149920365750781,88,-0.07861328125
0170,3289,-0.007560622253799458,88,-0.0078125
0171,3688,-0.0036943656402812237,99,0.00936279296875
0172,1771,-0.013791470044078089,105,-0.009702238169583407
0173,3639,0.025400660708140996,98,0.00922393136554294
0174,2017,-0.010778058110242907,81,-0.06214488636363636
0175,2499,-0.013436432357383846,5,0
0176,2619,6.857691411201716e-05,5,0
0177,2001,-0.00022014501511050956,91,0.0
0178,2131,-0.0011830704998481737,94,-0.011274857954545454
0179,3722,0.01663991415986176,97,-0.010403103298611112
0180,2113,-0.003865703268685808,85,-0.020833333333333332
0181,1848,0.01244983505507387,87,-0.046875
0129,1823,0.008701730289631211,101,0.0
0130,2420,-0.012012244287448624,96,0.003472222222222222
0131,1813,0.008960315137816659,58,-0.07291666666666667
0132,2819,0.004437587817308816,108,-0.025879687500000005
0133,3074,-0.012847528476038152,74,0.03906345355829188
0134,2121,0.01369901575139734,75,0.020751953125
0135,3147,-0.0008057490959320902,5,0
0136,3199,-0.025115649313847785,5,0
0137,2160,-0.004971551448894517,79,-0.01953125
0138,4400,0.012190094759226706,107,-0.010845477764423076
0139,2186,-0.008368672028677287,89,-0.06866455078125
0140,1534,-0.0033382735484440377,101,-0.026045365767045456
0141,1850,-0.014074851087525703,69,-0.07310267857142858
0142,2170,0.013774174795632272,92,-0.05295667613636364
0143,2223,-0.01802916493060905,97,-0.11588541666666667
0144,2624,0.0026504625157574824,102,-0.06178977272727273
0145,3886,0.0014521230508127785,73,-0.028459821428571428
0146,1946,-0.010940569467107048,96,-0.023959073153409092
0147,2113,-0.003075778862687297,92,0.0068115234375
0148,1819,0.03646793751133624,100,-0.0125
0149,2039,0.0069560232825456505,86,0.008246527777777778
0150,1832,0.0063181367705091975,76,0.027777777777777776
0151,3887,0.005123440065601092,99,-0.0005382191051136364
0152,3026,-0.0039623485208033615,79,0.026719835069444444
0153,3063,-0.0044572045777665015,5,0
0154,2012,0.0038513360891402467,67,0.03180803571428571
0100,1993,0.0029981176342042917,105,0.015614671329149335
0101,4377,-0.002495080796413595,44,0.0812255859375
0102,2848,0.01681859331260712,78,-0.09071858723958333
0103,2969,0.007705260147640373,5,0
0104,1882,-0.012745236850338721,79,-0.018229166666666668
0105,2364,-0.001272121985551717,66,6.59686823685964e-10
0106,2020,-0.009439345125245106,89,-0.03895399305555555
0107,1379,0.014997952274652197,95,-0.000779325900525278
0108,3515,-0.0049377627434848085,86,-0.019921875
0109,3183,0.010267165406846114,98,-0.013888041281518326
0110,2244,0.01620286355999447,98,0.0078125
0111,2757,0.0003140083164758186,69,0.0
0112,2140,-0.005680929958070902,93,-0.06772863895942767
0113,1883,-0.021786519533658427,113,-0.08684747869318182
0114,2023,0.00589333454434478,104,-0.02421875
0115,3055,0.00967577308387629,99,-0.027299360795454544
0116,4533,-0.013572601472145653,71,-0.038783482142857144
0117,2199,0.0155603790579497,67,-0.031529017857142856
0118,3207,-0.00462614303232576,108,-0.00506591796875
0119,1974,-0.01152555509574459,84,-0.08333333333333333
0120,1945,0.0022818048152841385,63,-0.01148223876953125
0121,2941,-0.014527739461801383,94,-0.10265435112847222
0122,2120,0.007183526952582825,59,-0.040625
0123,3194,0.010403279285754252,92,0.011327410112750158
0124,2366,0.01585299582418579,88,-0.00224609375
0125,2610,0.006076036944494818,74,0.0013950892857142857
0126,2227,0.003686953844048847,88,-0.07626953125
0127,2982,0.0029213715731508418,5,0
0036,1102,0.012192805631762393,63,0.0010986328125
0058,5518,-0.009666158444855407,63,0.0
0080,2700,0.025310336249461825,79,-0.0013020833333333333
0099,1700,0.01894408783981478,98,-0.015625
0128,3467,-0.0081925070604636,5,0
0155,2075,0.023744423899730024,93,-0.00625
0182,3278,0.00749635839963973,104,-0.04370810768821023
0212,2705,0.002961482931754206,90,-0.005832248263888889
0231,543,0.010051416497330849,60,-0.03326416015625
0264,4260,0.008306800457562458,68,-0.057291666666666664
0299,6955,-0.005125664087170138,62,0.00390625
0330,2893,0.005489282150684078,57,0.004905688265959422
0355,1263,0.010479797711734509,45,0.0
0385,2998,-0.001759121541841401,61,-0.06919642857142858
0416,1870,0.003944090592096155,72,-0.002935791015625
0443,2738,0.006012145787126644,60,-1.220703125e-05
0475,1747,0.028000555480165033,49,0.0
0501,2252,0.0014431544298208873,60,0.05
0533,7819,-0.006088321298677092,60,-0.027994791666666668
0562,33,0.031280517578125,22,0.093780517578125
0594,558,0.008292589989984979,70,-0.01171875
0615,1488,0.003377300926907856,74,0.00020926339285714285
0634,5806,-0.010012744755219124,56,0.0078125
0059,2548,-0.004579491463867075,58,-5.7220458984375e-06
0060,2841,0.00041652026267004736,74,-0.025
0061,3836,-0.0049467992586448946,77,-0.0390625
0062,3398,0.004761862148454169,74,-0.001953125
0063,4647,0.012617422984270446,73,-0.008470323350694444
0064,4845,0.015668480432490403,78,-0.005211724175347222
0065,2662,0.005275200826598405,72,0.01171875
0066,4248,-0.0059309986646096605,74,0.0
0067,2627,0.015813362113071487,72,0.03924560546875
0068,1826,-0.008813485802601861,78,0.0
0069,4010,0.01262908205237592,38,0.046875
0070,3068,0.0039025538242780243,80,-0.0273361480794847
0071,2969,0.015392456007010412,96,0.007162305940703896
0072,2960,0.003414203987616911,82,-0.00146484375
0073,2087,-0.007965951968234523,79,-0.01318359375
0074,5161,0.012564355793133704,63,0.0271484375
0075,4193,-0.0038453531862461037,72,0.00030517578125
0076,3562,0.01176255771659069,72,0.0340576171875
0077,2719,0.011008574135240944,71,-0.006696428571428571
0078,2008,0.018874876802770554,94,-0.003472222222222222
0079,1553,0.008736154379757798,55,-0.013020833333333334
0386,2904,0.0019047595809245307,51,0.09928385416666667
0387,4121,-0.010391489850567632,72,-0.020863791772474844
0388,3090,0.008867232644493048,58,0.041666666666666664
0389,3002,0.013459463608809008,74,0.06274414136714768
0390,2594,-0.009154285978529998,71,0.015625
0391,4144,-0.013997619823493016,78,-0.020113627219018326
0392,1279,0.0014234673200305584,75,0.008370535714285714
0393,1486,-0.05777728100868829,87,0.050607854669744316
0394,2932,-0.00335423368216821,103,0.023679733276367188
0395,4758,-0.0003613158147067832,73,0.039337158203125
0396,2815,0.022393750590136954,67,0.005022321428571429
0397,3473,-0.005018395331456014,62,-0.008675711495535714
0398,4079,0.0028926114369380563,77,0.0478515625
0399,2954,-0.004904474902364511,72,0.00439453125
0400,4509,0.0015796985547013394,74,-0.008246527777777778
0401,1894,-0.026750810500364996,76,-0.09877232142857142
0402,3814,0.011973789734785984,74,0.019775390625
0403,5133,0.004918097016525531,48,-0.017717633928571428
0404,2351,-0.023630560798413778,63,-0.0011138916015625
0405,2048,0.018769945417131697,58,0.0003662109375
0406,2164,0.00757598876646297,63,0.0
0407,2799,0.015687437727866387,56,-0.01953125
0408,3289,-0.003044605696679174,38,-0.00341796875
0409,2580,0.019583218965987595,76,0.01171875
0410,2691,-0.0042442950657953305,63,0.0
0411,8848,0.006702543883472028,66,-0.09375
0412,2555,0.004350332894995998,79,0.01383344393791693
0413,5333,0.01938134838113751,52,0.0125
0414,2224,0.006810690723223482,62,-0.10454305013020833
0415,3850,0.021209343909424316,66,0.05078125
0356,1060,0.0013393753651891052,50,0.0032653442273537316
0357,1871,0.02633821752446604,47,0.003255304569999377
0358,1911,0.0033549092142352707,81,0.010403103298611112
0359,3214,0.0022356720370941318,83,0.04861111111111111
0360,489,-0.011397963669151068,54,0.01483154296875
0361,1873,0.007316937901247899,91,-0.03249782986111111
0362,4726,0.017592122474110336,60,0.0
0363,2108,0.002346792899272795,69,0.06258138020833333
0364,2194,0.010683345064848672,76,0.029275700100697577
0365,1888,0.0022496700228852974,71,0.01953125
0366,5422,0.007600914766155231,58,0.013950892857142858
0367,1263,0.010479797711734509,45,0.0
0368,6835,0.011817847405082823,33,-0.03125
0369,1761,0.012271776719874627,52,0.076904296875
0370,2657,-0.0007050888851980827,51,-0.027901785714285716
0371,3074,0.003310917399728733,55,-0.018555641174316406
0372,2224,0.006810690723223482,62,-0.10454305013020833
0373,5,0,5,0
0374,2203,0.011030828387143624,79,0.018973214285714284
0375,5333,0.01938134838113751,52,0.0125
0376,3137,-0.00529047520340358,77,-0.05318450927734375
0377,2555,0.004350332894995998,79,0.01383344393791693
0378,2885,0.01167816409208526,73,0.015625000989530236
0379,1263,0.010479797711734509,45,0.0
0380,1888,0.0022496700228852974,71,0.01953125
0381,3526,0.007303743711771173,51,0.007062639508928571
0382,1835,-0.019404316030856027,66,0.005859375
0383,1863,-0.014999791042849122,41,0.0
0384,1871,0.014502752009671193,52,-0.007731119791666667
0331,2194,0.010683345064848672,76,0.029275700100697577
0332,1888,0.0022496700228852974,71,0.01953125
0333,1313,0.007156550879714263,89,-0.0030691964285714285
0334,1266,0.02279463886448679,53,0.0
0335,7636,-0.007106953568550901,58,-0.0546875
0336,2853,-0.006319772797948228,60,-0.07557193438212077
0337,5529,0.0005757460637975536,67,0.0
0338,3214,0.0022356720370941318,83,0.04861111111111111
0339,4095,-0.007669613763179377,61,-0.036458333333333336
0340,2851,-0.006224635974536722,68,-0.00011698404947916667
0341,881,0.018074128685911336,56,0.004810878208705357
0342,2915,-0.0017552958685075875,75,0.044240374894191824
0343,3516,0.011008752875458746,87,0.00107421875
0344,4491,0.0018908659614359582,27,-0.10416666666666667
0345,2518,-0.0035421295993592213,65,-0.027099609375
0346,3133,-0.0173548294348256,92,-0.0563201904296875
0347,3651,-0.0006636906888665218,58,-0.06251307896205358
0348,2965,-0.02137937662192705,63,-0.08900669642857142
0349,2169,0.02174641264025896,55,0.0
0350,8280,-0.0012335792811571525,60,-0.038424173990885414
0351,5158,-0.00032820576722729963,38,0.010457356770833334
0352,6768,0.008698035936546503,56,-0.001953125
0353,1345,0.021469049247369813,73,0.010400136208716049
0354,1599,0.004136543362228959,51,0.0013910929361979167
0300,6050,0.00661622952889602,51,0.001953125
0301,2669,0.014535416439298867,124,-0.012972868122403725
0302,1456,-0.0009076783863397745,54,0.0335693359375
0303,6808,0.006347828892870746,50,0.05
0304,2531,0.011768104522529067,44,-0.115478515625
0305,5786,0.017035990101065466,74,0.08203104138374329
0306,1910,0.014368459951619764,83,0.032470703125
0307,3068,0.005554891657897541,61,0.009765625
0308,4295,0.006408998210521271,83,0.0234375
0309,11183,-0.0001578256036809514,46,-0.05682373046875
0310,3483,0.007977281781818184,67,0.07747395833333333
0311,5357,-0.003738881392695049,83,-0.03466796875
0312,3453,-0.011691023124861494,63,-0.064453125
0313,2195,0.010663528027565733,58,0.01551055908203125
0314,2939,0.004459688410132241,93,0.0
0315,3238,-0.00664130540140277,62,-0.004557291666666667
0316,7828,-0.001386048959874173,40,-0.00390625
0317,6238,0.0070555728506073116,54,0.00594329833984375
0318,2505,-0.00499856719278685,52,0.020833333333333332
0319,1601,0.0021249981624241816,50,0.0013910929361979167
0320,6955,-0.005125664087170138,62,0.00390625
0321,4726,0.017592122474110336,60,0.0
0322,6628,-0.00022960399670077198,51,0.015625
0323,1873,0.007316937901247899,91,-0.03249782986111111
0324,9182,0.007457506299042857,76,-0.0751953125
0325,2108,0.002346792899272795,69,0.06258138020833333
0326,5529,0.0005757460637975536,67,0.0
0327,1615,-0.006233120144637568,75,-0.03850446428571429
0328,3207,0.006104841162774091,72,0.02949019242078066
0329,3530,0.0022616863450021707,75,0.0201418399810791
0265,3421,-0.0057763018589790825,49,-0.0390625
0266,2674,0.017956160395600548,87,-0.03125
0267,4655,0.0033152834414648274,51,2.0345052083333332e-05
0268,4598,-0.002245972926849373,48,-0.004557291666666667
0269,1650,-0.0048535248233446395,75,-0.057291666666666664
0270,1528,0.0024307558598971905,59,-0.018275669642857144
0271,9233,0.008844577092160112,65,0.052734375
0272,2082,-0.0024497106835684357,65,0.041666666666666664
0273,6171,0.013905965910624419,70,-0.05357142857142857
0274,7828,-0.001386048959874173,40,-0.00390625
0275,2748,0.003754931041189776,67,-1.743861607142857e-05
0276,6238,0.0070555728506073116,54,0.00594329833984375
0277,3300,0.015794827055771447,34,0.020833333333333332
0278,6955,-0.005125664087170138,62,0.00390625
0279,2013,0.010521211345123509,75,0.01748063854435442
0280,2195,0.010663528027565733,58,0.01551055908203125
0281,2902,0.0006760210485799729,84,0.0
0282,4130,0.0019782301054134285,65,-0.04107666015625
0283,3530,0.0022616863450021707,75,0.0201418399810791
0284,2505,-0.00499856719278685,52,0.020833333333333332
0285,2195,0.010663528027565733,58,0.01551055908203125
0286,2382,0.0198444607538997,57,0.010416666666666666
0287,2546,-0.012884297319717101,85,0.0079345703125
0288,3344,0.02469622478837589,111,0.029843994162299416
0289,2837,0.004526661861942663,71,-0.00341796875
0290,1576,-0.002818354024173874,43,-0.22598915100097655
0291,1601,0.0021249981624241816,50,0.0013910929361979167
0292,1019,0.001957776306729405,35,0.0
0293,11110,0.011443135229209901,77,-0.052015304733190604
0294,2238,-0.0066971346051843735,72,-0.05189732142857143
0295,6050,0.00661622952889602,51,0.001953125
0296,5137,0.00014687706424795465,74,-0.029074774848090276
0297,1817,0.0013487928549533108,66,-0.014508928571428572
0298,1361,-0.0015273956245961718,66,0.015694754464285716
0232,2028,0.0030379244949601315,43,-0.103515625
0233,6214,-0.0012464554277274195,50,-0.022054036458333332
0234,1310,-0.003693874116878875,69,-0.060546875
0235,1769,0.0023947076839811996,38,-0.049992370151412044
0236,5501,0.014114447621059479,66,0.0419921875
0237,8901,0.005513693580995503,62,0.037760416666666664
0238,7768,0.004765726103304147,53,0.041666666666666664
0239,8521,-0.00042796148671709504,57,-0.05803571428571429
0240,5557,0.008052049274516863,79,-0.00970458984375
0241,1858,-0.008716227471335292,64,0.050000001187436284
0242,2082,-0.0024497106835684357,65,0.041666666666666664
0243,1717,-0.001168755865043803,73,0.009375
0244,2182,-0.003051684633191091,73,0.058009607052164416
0245,3291,0.0015179942745103896,76,-0.009375
0246,507,0.04337767117163714,26,0.0
0247,2726,0.00713745691073225,57,-0.01875
0248,3600,-0.002075411819300125,81,-0.06110478724752154
0249,1175,0.023623068506519,62,0.009723663330078125
0250,1355,0.02420106871379621,61,0.0
0251,3912,-0.0025324621743004795,68,0.012834821428571428
0252,3617,0.025802325018771704,73,0.03645833432286357
0253,9812,-0.005107795473139379,57,-0.020833333333333332
0254,3206,-0.00443701002521767,58,-0.017857060368571962
0255,722,0.002890913484920408,54,0.0
0256,1677,-0.0026028239134617353,73,-0.050563600431366415
0257,6398,-0.004739300228005448,56,0.03701171875
0258,2435,0.009883121388474289,74,0.01007080078125
0259,6113,0.00609279968075898,35,0.015177408854166666
0260,3729,0.024404452123781204,66,-0.03473874448178549
0261,1585,0.01664670266280963,33,-0.00625
0262,101,0.015625,31,0.0
0263,3197,0.01818069383075362,73,0.0338134765625
0595,2531,-0.005610328435561498,116,-0.018229166666666668
0596,1502,-0.0003153239096898901,38,0.0
0597,33,0.031280517578125,22,0.093780517578125
0598,2309,0.0008668583026470988,87,0.024305555555555556
0599,1645,0.0039972005715498225,53,-0.011200000000000005
0600,2063,-0.0010678582514534146,63,0.0
0601,1719,0.0049583296577596185,59,0.020833333333333332
0602,1532,0.006386072119167765,58,0.03515625
0603,6331,0.005474477814296665,52,0.01171875
0604,3504,0.006899370682995904,52,-0.048828125
0605,1839,-0.009526587935661981,65,-0.0078125
0606,477,-0.03711485213194138,56,-0.00048828125
0607,8914,0.004679795407110078,92,0.029513888888888888
0608,4451,-0.007381370863552532,84,0.0107421875
0609,3543,0.002654126772698417,73,0.06477900886238785
0610,2086,-0.008047217009985189,90,-0.031768081709742546
0611,2546,0.011864555929348155,61,0.02880859375
0612,3211,-0.010810326093497845,40,0.006510416666666667
0613,1675,0.00027934049758165317,40,0.006510416666666667
0614,455,0.0008441723649882197,54,0.025
0563,2291,-0.010353159184945449,101,-0.04861111111111111
0564,2803,0.0026168231790386753,80,0.012451171875
0565,1683,-0.006284841806550987,123,-0.012502765709359664
0566,1435,0.008182551236733275,40,0.0
0567,33,0.031280517578125,22,0.093780517578125
0568,1429,0.0034320877359197773,92,-0.05397727272727273
0569,1824,-0.011478398783822421,76,-0.033203125
0570,2045,0.003921210352077584,50,0.0
0571,2835,-0.00395362452841345,65,0.0263671875
0572,9988,0.0001872564911895652,61,0.053385416666666664
0573,1243,-0.00025675132305228284,76,0.013392857142857142
0574,410,-0.030305581496042365,45,0.0
0575,2856,0.0009725901233898736,73,0.0
0576,319,0.012327671375085348,56,-0.09055257005456951
0577,3304,-0.006768582880563114,75,-0.0625
0578,2835,0.001146076513751572,73,-0.006076481607225206
0579,2372,0.013021081820843196,91,0.0390625
0580,3843,-0.0030441851604216053,75,0.014779227120535714
0581,5,0,5,0
0582,1630,0.0035946177819025592,40,0.006510416666666667
0583,2065,-0.003391810223709197,40,0.006510416666666667
0584,2098,-0.008308274251125956,47,-0.06510877717179635
0585,1918,0.020280055532683493,72,0.0386505126953125
0586,2021,-0.020349658870600036,67,-0.0299072265625
0587,1813,0.007147173639933598,92,0.009765625
0588,1504,-0.028422180687387784,35,-0.052083333333333336
0589,1324,-0.011399033034048158,25,0.0
0590,6644,-0.00800402410205015,45,0.020833333333333332
0591,311,-0.007081269986623998,108,-0.084716796875
0592,1830,0.007646809474547324,38,0.0
0593,33,0.031280517578125,22,0.093780517578125
0534,3130,0.011101286609055147,31,-1.430511474609375e-06
0535,5362,-4.0854216421213896e-05,72,-0.02001953125
0536,2080,0.012711721956112438,88,0.070751953125
0537,1490,0.0026822009211022128,91,0.01953125
0538,670,0.007748097800220864,104,0.03345603562359299
0539,1418,-0.015364081084266255,32,0.037109375
0540,4015,0.016767580187055826,29,-0.125
0541,2269,0.009651653824458557,40,0.006510416666666667
0542,1397,-0.023316567951427617,40,0.006510416666666667
0543,1218,-0.010396243650186833,27,0.14322916666666666
0544,2146,0.00620072307528381,50,0.0
0545,5,0,5,0
0546,1960,0.0050515823153160135,104,-0.06587357954545454
0547,1823,-0.015046410616370364,71,0.04296875
0548,1480,-0.006014957897454283,80,0.0011160714285714285
0549,1644,-0.018472085250846388,64,0.0015625
0550,4094,-0.028760909002077634,87,0.009765625
0551,1669,0.008295149043767984,51,0.03740234375
0552,6588,0.018274407786128172,45,0.0
0553,2220,0.017013601986070593,103,0.14404296875
0554,2199,-0.02833852160926151,82,-0.0640838623046875
0555,2375,-0.019502401276716565,101,-0.00653076171875
0556,2177,-0.01469348531604896,77,-0.013392857142857142
0557,2801,0.004483377456002285,111,0.034292367788461536
0558,4144,-0.003927594490468025,83,-0.027777777777777776
0559,11484,0.01056656740533447,80,-0.005208333333333333
0560,144,0.001953125,100,-0.013405539772727272
0561,1878,0.007535110633277024,50,0.00859375
0502,3362,0.006322629892711694,57,0.01992034912109375
0503,1486,0.02136077360912271,56,0.0
0504,2721,-0.0024672612477659203,94,-0.03459821428571429
0505,1603,0.004696918407671172,69,-0.04296875
0506,1337,0.02217464154970873,51,-0.04248046875
0507,3548,0.006260121763057184,76,-0.019527792121152743
0508,1753,-0.00387777600968775,54,0.008087158203125
0509,2147,0.0033082090589899764,55,-0.010602678571428572
0510,3038,0.005621296739438548,92,-0.03830295138888889
0511,4554,-0.0008818412840793533,51,0.0011474609375
0512,2895,-0.024512553160696702,59,-0.0003662109375
0513,6257,0.019684004170296,74,0.053687731424967446
0514,3548,0.006260121763057184,76,-0.019527792121152743
0515,4479,-0.007764298220373556,53,-0.062093098958333336
0516,2383,-0.00363259269537332,75,-0.0404052734375
0517,2183,0.012906507580498116,35,0.0
0518,3860,0.006560558762253767,76,0.024305555555555556
0519,4313,-0.0007942573470945551,60,-0.00218527685189786
0520,3607,-0.005799254786209326,51,0.060546875
0521,5129,0.014847518445805914,62,-0.0546875
0522,2580,0.003472784332899869,64,0.057291666666666664
0523,2617,0.009969334741730427,66,-0.021495819091796875
0524,4582,0.002983809064459598,89,-0.003065202592147721
0525,1445,-0.004213218558994611,32,0.0
0526,1217,0.009717654063192478,45,-0.051177978515625
0527,2394,0.008217872092049505,51,-0.11328125
0528,1757,0.03094817165138196,72,5.449891848538105e-06
0529,5282,0.013760762540235455,74,0.02367401123046875
0530,4486,-0.0018479282887500091,52,0.0234375
0531,1219,0.015405809475203692,54,0.0091796875
0532,2031,0.001358541650438593,79,-0.009778340657552084
0476,2339,-0.0036774640978001227,64,-0.011160714285714286
0477,2069,0.0008041729505891211,45,0.026011208227525156
0478,1682,-0.0005498721749225843,60,-0.04457310267857143
0479,1929,0.011862172505124578,59,0.008928571428571428
0480,5416,0.004865653650744574,99,-0.03763996450419298
0481,4165,0.012881038439414731,56,0.0006510416666666666
0482,1603,0.025271652920418736,59,0.033203125
0483,1424,0.03361899151308081,60,0.008423808709873507
0484,11916,0.009751376243185936,57,-0.018961588541666668
0485,1938,-0.01224419718120545,59,0.0030776975682670128
0486,3373,0.013830156367406978,48,-0.056640625
0487,1143,0.020363869968835657,44,0.09521484375
0488,2614,-0.007697241004569808,53,0.015625
0489,1928,0.005760828447012835,62,0.009007045200892858
0490,1697,0.04742733635176562,76,0.006513157859444618
0491,4151,0.0008262862097332924,68,0.0064697265625
0492,8595,0.005126300780683625,51,-0.0029296875
0493,1528,-0.022460035461797954,37,-0.0703125
0494,3566,0.04382061288814661,54,0.0051790871662641775
0495,4495,0.007647895696889593,94,0.003879547119140625
0496,2266,0.016231852168813173,48,0.0513885498046875
0497,1758,0.016643793757013498,62,-0.0125
0498,6779,0.010595255044594437,50,-0.0175323486328125
0499,4495,0.007647895696889593,94,0.003879547119140625
0500,6779,0.010595255044594437,50,-0.0175323486328125
0444,6532,0.009623976309044489,70,-0.00048828125
0445,2485,-0.0029842488441486656,65,0.07806396484375
0446,2070,0.011180926726802277,65,0.0013950892857142857
0447,3313,0.0036441829181587493,89,-0.07444593641493055
0448,4585,-0.005917293721340629,66,-0.07843889508928571
0449,1978,-0.010162035031337533,70,-0.06077481061220169
0450,5065,0.0019353944199873177,56,0.02490234375
0451,5333,0.01938134838113751,52,0.0125
0452,7139,-0.0031403445052805004,36,0.0078125
0453,5645,0.0036258515022089067,72,-0.025
0454,6862,0.01619283081563388,68,-0.04520416259765625
0455,1610,0.028589517465973862,59,0.0
0456,10271,0.0046092414023705,61,0.030751546223958332
0457,6779,0.010595255044594437,50,-0.0175323486328125
0458,4559,0.025515034168077717,71,0.008928571428571428
0459,1761,0.012271776719874627,52,0.076904296875
0460,5281,0.006329823571884426,50,0.09772518702915736
0461,5973,0.013394863232444995,51,0.02083460474438918
0462,7123,0.003847204620003813,49,-0.1015625
0463,5593,0.007023565267511847,77,-0.005894252232142857
0464,3088,0.015074856554923141,47,0.03125
0465,5001,0.015011396366062659,73,-0.0532379150390625
0466,1812,-0.010969813970871916,76,-0.03759765625
0467,1170,0.025907536142880154,37,0.075
0468,1693,-0.00044896061738566173,48,-0.0375
0469,2486,0.014544881289226779,64,0.005208333333333333
0470,1457,-0.014183861256758405,70,0.014555524502481734
0471,1593,0.007231750957605339,73,-0.0006975446428571429
0472,5281,0.006329823571884426,50,0.09772518702915736
0473,3013,0.0032979742735841358,54,0.00625
0474,1774,0.011510291874985541,58,-0.0078125
0807,1780,-0.003712528094938913,67,0.013237847222222222
0808,1884,0.001864527791829869,89,0.020089285714285716
0809,2915,0.00768288721442309,67,0.00927734375
0810,1853,-0.0023792854913846384,95,0.0
0811,1940,0.02107509259249889,111,-0.0678764344189915
0812,2983,0.004746527410435317,76,0.0247802734375
0813,2154,0.009008776781214183,68,0.0
0814,2205,0.01199979204159646,97,0.012548828125
0815,2210,0.018491496677969916,85,0.03993479436032664
0816,2367,-0.005458537782266873,113,-0.03586899209370709
0817,2428,-0.023571220813759338,75,-0.04078369140625
0818,5,0,5,0
0819,2649,0.003833897035358402,59,0.0
0820,1988,0.025190311599753212,87,0.002734375
0821,2198,-0.007842048548133765,89,-0.001736111111111111
0822,5341,-0.00727235301276763,94,-0.031226687961154513
0823,2910,0.014144537835427146,86,-0.020833333333333332
0824,1774,-0.0008835311979846173,96,0.003950639204545455
0825,1564,0.016007171735247922,94,-0.0125
0826,3876,-0.01515181288235934,102,0.000336908687727218
0827,3003,0.002063395092582513,74,0.023193359375
0828,3489,-0.011457851171430552,84,-0.015532730147242546
0829,5,0,5,0
0830,1667,-0.0016619813688698055,77,0.014511278165238244
0831,1867,-0.018866758891180592,89,-0.0638671875
0832,1909,0.00948146962467511,91,0.009954833984375
0833,2726,0.0003168771376906524,115,-0.041449652777777776
0834,1419,-0.005074146032517174,83,-0.027791341145833332
0777,1882,0.015418210381717427,90,-0.0791015625
0778,2025,0.005502238416399104,97,-0.0109375
0779,3027,-0.011819275249666078,92,-0.031982421875
0780,2163,-0.004591506294760399,66,1.5247081007276263e-07
0781,1871,0.0134907995360229,76,-0.0033482142857142855
0782,2758,0.0005755518965938696,90,-0.04363937377929687
0783,2129,-0.005252635314710184,102,0.043755425347222224
0784,3082,0.008036579977551778,93,-0.05283425071022727
0785,3409,0.01987600714133474,98,0.012890625
0786,3709,0.0013196818069932772,77,-0.03906595787884726
0787,1129,0.009616149778561936,83,-0.007421875
0788,2043,-0.0182238025493881,93,0.009483924278846154
0789,3426,0.014316112182105333,78,-6.132125854492187e-05
0790,2857,-0.016265355697430175,90,0.00027901785714285713
0791,2956,0.014414183474003233,76,0.023334980420416842
0792,1380,-0.0065568558272499165,67,0.0
0793,2758,-0.0033234902702916538,76,0.05357142857142857
0794,2078,-0.021978704350083884,94,-0.04608383156008102
0795,1416,-0.021002717674421075,132,0.016826923076923076
0796,1921,0.023354738283487067,107,-0.00673828125
0797,1280,-0.013938989823630739,80,0.0035182952880859373
0798,3119,0.014810651917014956,83,-0.001953125
0799,2885,0.001314031875182952,72,-0.041015625
0800,2467,0.0007861027002938422,85,-0.06436085514724255
0801,2634,-0.013769867019727827,68,-0.014822823660714286
0802,2851,-0.010310124721219564,82,0.07486979166666667
0803,1638,-0.02969397812850413,96,0.01025390625
0804,3203,-0.04541695223150136,70,-0.04493059430803571
0805,2003,-7.778230416172378e-06,83,-0.12044270833333333
0746,1068,0.0005641110772737135,68,-3.814697265625e-06
0747,33,0.031280517578125,22,0.093780517578125
0748,2410,-0.008813052882031158,65,0.05546875
0749,313,0.05223875978756978,91,0.005045572916666667
0750,1494,0.014053278798055163,54,-2.0345052083333332e-05
0751,1868,-0.002567826864782166,85,0.0087890625
0752,2191,-0.013766616440135786,88,-0.00689697265625
0753,1939,0.021035941986668045,64,0.020833333333333332
0754,1988,-0.009365157422729592,69,0.0
0755,2366,-0.01839944952366721,92,0.010076349431818182
0756,4999,-0.002261298533231352,86,0.0
0757,1968,-0.0021807702337157306,65,0.0008134844756799708
0758,3720,0.008531517067536448,88,-0.02464481194814046
0759,5083,0.00022680685276284747,72,0.013888888888888888
0760,4189,0.0007080706482117284,75,0.03125
0761,2392,-0.0143859622575798,86,-0.044764200846354164
0762,1890,-0.001735959322255495,86,-0.023237748579545456
0763,2023,-0.007368858594225718,109,0.02716064453125
0764,1746,0.004521571664891318,74,-0.0828125
0765,2410,0.005044665580428001,91,0.0
0766,1832,0.019338072657842754,103,0.03675633524996287
0767,3002,0.01715425487691309,109,0.03125
0768,1881,0.010612650723535776,100,-0.0326171875
0769,2683,0.001477416631106789,93,0.01376953125
0770,2650,-0.0015330253535689158,95,0.0022786458333333335
0771,2144,0.0019723445099249295,75,-0.006731305803571429
0772,2897,0.011385433932521755,87,-0.00821533203125
0773,4846,0.007602862209218867,79,0.0
0774,1648,0.0129292423972658,78,-0.033782958984375
0775,3077,0.0027417101971048997,75,-0.031426323784722224
0716,33,0.031280517578125,22,0.093780517578125
0717,481,0.03542591096492467,76,0.0703125
0718,2832,-0.0017395099234861137,80,-0.0033772786458333335
0719,1778,0.005773267873447689,84,0.005425347222222222
0720,2302,-0.0307345162095133,77,0.033790632733143866
0721,1238,-0.015697292253082872,91,-0.00439453125
0722,4521,0.024812116050986977,38,0.015625
0723,6375,0.020066769051280887,70,0.020833333333333332
0724,3790,0.011800701179063207,69,-0.01395670473963643
0725,1272,-0.04361812494868038,82,0.00048828125
0726,5194,-0.0007435568602581272,111,0.003125
0727,5947,-0.004778981804404929,69,0.04478236607142857
0728,1590,0.0026080731252542014,67,0.0013020833333333333
0729,5448,0.00871425453825095,99,0.006944444444444444
0730,4770,-0.002960454395263622,64,-0.0234375
0731,1790,0.012179339837994983,59,0.038257053920200894
0732,3545,0.005089637862725832,79,-0.0017632378472222222
0733,2479,-0.0026418388840626656,57,0.0111083984375
0734,1918,0.012694345920982904,65,0.0
0735,10508,0.00583449366346724,81,0.008920945641067293
0736,5,0,5,0
0737,9176,0.011211511419124003,40,0.006510416666666667
0738,1649,-0.034990466210048234,91,-0.03125
0739,2209,0.018185051360081403,98,-0.00926513671875
0740,2009,9.035055427048202e-05,21,-0.0078125
0741,1637,0.009729835857339457,67,0.07261439732142858
0742,33,0.031280517578125,22,0.093780517578125
0743,2158,-0.005564997272248583,98,-0.03819444444444445
0744,1657,0.002934079789090757,67,-0.023332868303571428
0688,1959,0.009859337028547053,65,0.011151857813404473
0689,1482,0.001345862051665208,73,-0.013096400669642858
0690,438,-0.042446400970220566,40,0.0
0691,1920,0.005570364895330328,82,0.003757052951388889
0692,2084,-0.004003201148042325,83,0.01953125
0693,6156,0.00524356489090271,50,-0.0390625
0694,3508,-0.0012095933254591777,55,-0.041341145833333336
0695,4618,-0.005425995103200507,68,0.0
0696,1556,0.0026643116767019275,76,0.017576162703335285
0697,1838,-0.016610046414353104,69,0.0
0698,2509,-0.0034731921233420783,48,-0.01328125
0699,2060,0.0004942501426055281,53,0.006510416666666667
0700,5,0,5,0
0701,2418,-0.0011762395250888634,40,0.006510416666666667
0702,152,-0.06276614200367647,104,-0.07638607706626256
0703,6880,-0.008486494320968924,65,0.03125
0704,4739,-0.018973709377187332,61,0.0026041666666666665
0705,7906,0.010500288900621536,39,0.0390625
0706,1172,-0.00427062733640424,63,0.020833333333333332
0707,921,0.01852683133857195,40,0.006510416666666667
0708,1764,0.010808216380605352,53,-0.0006510416666666666
0709,5,0,5,0
0710,5,0,5,0
0711,2820,0.013101386176215276,46,0.010416666666666666
0712,33,0.031280517578125,22,0.093780517578125
0713,1686,0.012014084527088763,73,0.0014495849609375
0714,325,-0.01698585792824074,141,-0.024553571428571428
0656,2969,6.296678561740303e-05,66,0.012109375
0657,2395,0.0044718613301004745,56,0.031689453125
0658,6768,-0.015929005385929805,50,-0.00390625
0659,3148,0.00251139998548041,29,0.0
0660,1217,0.013297767143383205,47,0.040364583333333336
0661,1845,-0.0006242281088799787,71,0.0465087890625
0662,1484,-0.017986267049771867,56,0.0
0663,1870,0.005532062100246549,82,-0.05608258928571429
0664,2370,-0.008199499964116213,63,0.010416666666666666
0665,5015,-0.01340994964333295,26,-0.1780625
0666,433,-0.03040891182091501,36,0.0
0667,4556,0.0016443303456345924,89,0.007809042121152743
0668,4871,-0.00852422658657501,79,-0.008097330729166666
0669,4991,0.011606557968133672,71,0.0125
0670,2042,-0.0015177901276247924,59,-0.0091949462890625
0671,2690,-0.01660217682095962,71,0.015625
0672,3515,-0.003825468166970693,64,-0.034375
0673,4149,0.004194164607651737,40,0.006510416666666667
0674,1321,0.011616843444461983,40,0.006510416666666667
0675,2961,-3.525930488749978e-05,89,-0.06083263050426136
0676,1603,-0.004259257518848851,59,-0.08984375
0677,1513,-0.00096721201757477,57,0.009765625
0678,1545,-0.0026879430580119966,87,0.006103515625
0679,1813,-0.011640614617748119,96,-0.036931818181818184
0680,1157,-0.003976449091598212,102,-0.023930867513020832
0681,852,0.008135659386506282,58,-0.05383191789899554
0682,33,0.031280517578125,22,0.093780517578125
0683,1188,-0.002591319213226742,84,-0.0266265869140625
0684,553,-0.01052512321431372,99,-0.021619371241993375
0685,745,-0.013496595005122028,30,0.0078125
0686,33,0.031280517578125,22,0.093780517578125
1024,2380,-0.005288968763278287,46,0.00048828125
1025,3130,0.005846190710059125,89,-0.017550998263888888
1026,1632,-0.004455768558767487,77,-0.001049041748046875
1027,1832,0.0004025708750345222,69,0.046848892766450136
1028,1116,0.008137804440021691,66,-0.0552978515625
1029,817,0.010259629936629247,42,-0.013917802843124605
1030,4126,0.004661271877787467,89,-0.0030975341796875
1031,2108,0.005493898297817209,52,-0.015380859375
1032,1103,0.01117859860249889,65,0.0
1033,5095,0.010807037293876564,55,-0.00027901785714285713
1034,3172,0.000898600779756603,49,-0.005208333333333333
1035,1387,0.0007011946641316573,77,0.0146484375
1036,1339,-0.0008501052856445312,62,-0.006138392857142857
1037,3450,0.014301249490587711,92,-0.0325263298556241
1038,1352,-0.006348499848315184,83,-0.001731828204356134
1039,2945,-0.0004123003683067798,34,-0.049999998812563715
1040,8093,-0.0028178333690785638,40,0.0782470703125
1041,7412,0.0009160421232651725,52,-0.0206298828125
1042,18129,0.0037322353394234143,48,0.0248046875
1043,1977,0.022275247081751427,44,-0.014735630580357142
0990,2251,0.014537425192633862,64,0.008091517857142858
0991,2226,0.0008512855032461365,49,-0.019694010416666668
0992,2282,-0.0008442042324025516,59,-0.03125
0993,7472,0.005548665934132036,36,0.078125
0994,2183,0.016116593772936158,45,0.0
0995,4144,0.013563463793984576,50,0.03125
0996,9806,0.0050837158869125355,47,0.089892578125
0997,9211,0.0039208990555972675,37,-0.0375
0998,8693,0.001296342616268028,47,0.005208333333333333
0999,9452,0.01037258820950463,31,-3.0517578125e-05
1000,7626,-0.013434465560329336,46,-0.1097412109375
1001,5585,0.004063409055346154,66,-0.004464285714285714
1002,5239,0.014224257373066096,65,-0.0201171875
1003,25405,0.006791130116269015,154,0.006893382352941176
1004,2611,0.0186119268503454,69,-0.005535045645416403
1005,12274,-0.0013304098098611311,28,-0.24479166666666666
1006,2847,0.018598139507849484,78,0.021759033203125
1007,1483,-0.023858759147008413,65,0.024400983537946428
1008,940,0.016464327739196875,78,-0.03369140625
1009,1976,0.02501344230971805,50,0.040771484375
1010,5057,0.002800966867091728,73,-0.03240723008154115
1011,679,0.004942691687381629,47,0.002604027589162191
1012,3689,-0.0009582518197542524,52,-0.03125
1013,2089,0.01536254271961889,84,0.044642857142857144
1014,3552,0.0022630576653684302,46,-0.0078125
1015,1644,0.007386521127792989,40,0.0
1016,4070,0.0029871293860825533,45,0.06875
1017,2066,0.00861474459734014,73,0.03879747004806995
1018,2214,0.011006871703268672,65,0.0003255208333333333
1019,8119,-0.005348645413485907,48,0.0
1020,1767,0.017141910097849353,86,0.05199432373046875
1021,2610,0.008481330448474218,62,-0.058603922526041664
1022,2605,0.0017178810447756577,62,-7.665157318115234e-05
0949,7604,0.0061633762537519985,31,-0.020833333333333332
0950,2611,-0.008780119835412025,73,0.0036185128348214285
0951,31702,0.007607623928529799,144,-0.009471893310546875
0952,1138,0.014551492939212799,77,0.05915178571428571
0953,4562,0.007257919191154464,67,0.02656402569326701
0954,4757,0.0031969673339796527,46,-0.01171875
0955,7741,0.005090581733186284,55,0.0146484375
0956,1520,0.014214855129435912,32,0.0
0957,11907,-0.00882706877210281,59,0.018229166666666668
0958,3985,0.0041748534304258365,70,-0.07617648550512968
0959,1977,-0.011535904803188229,65,-0.024658203125
0960,6735,0.004614524174569147,51,-0.07132975260416667
0961,5937,0.001717317385552419,56,0.005013602120535714
0962,3227,0.024494140513627166,66,0.05078125
0963,2801,0.005697984132744815,47,0.049182199873030186
0964,1486,0.003805841707936566,74,2.44140625e-05
0965,1717,-0.0008005298952614086,49,0.049799601236979164
0966,6149,-0.0016708234511777617,73,0.01373291015625
0967,6188,0.007090353518223971,72,0.008928571428571428
0968,5471,0.005852938752113944,53,0.010416666666666666
0969,5641,-0.007907555580803582,58,0.0859375
0919,2280,0.005617822347419331,83,-0.01165771484375
0920,1604,-0.01569455598166157,75,-0.05841064453125
0921,1214,-0.0008523474551513579,97,-0.0573577880859375
0922,2301,0.0029001835943953526,73,0.002301979809999466
0923,2526,0.014960918184877112,79,0.011433919270833334
0924,3039,0.0002804709362611338,68,-0.00390625
0925,3009,-0.005803381208230198,65,0.014322916666666666
0926,1451,-0.02776865034154239,77,-0.16788211495535713
0927,2646,0.023109936543199313,80,0.013020833333333334
0928,1460,-0.0010229221661575139,85,0.010945638020833334
0929,1273,0.01897663985238138,63,-0.020833333333333332
0930,1210,0.012479780717583254,72,-0.004464285714285714
0931,4864,0.017833086339433583,70,-0.0146484375
0932,1994,0.0008994672508601816,80,-0.05517633928571429
0933,2137,0.004471369759021728,77,-0.014756944444444444
0934,1731,0.009514300992597563,86,-0.0458984375
0935,2450,0.017069715148193023,71,-0.01552734375
0936,3785,-0.01853681894123976,73,0.019260951450892856
0937,3489,0.006025711123635502,77,0.020538330078125
0938,3978,0.01136077966168741,85,0.0056610107421875
0939,3999,0.0012748657905183205,94,-0.027947962563484908
0940,4614,-0.002880336289448282,88,0.050347222222222224
0941,1881,0.012317776310660646,65,0.078125
0942,5,0,5,0
0943,5951,0.002740634755898816,46,0.0
0944,9512,0.006257678547179412,48,-0.0859375
0945,9781,-0.0021218039021432254,49,-0.045491536458333336
0946,7568,0.0012600529969556413,28,0.0
0947,8099,0.006874035323888586,65,-0.080078125
0893,4890,-0.032468118263782625,65,-0.07924107142857142
0894,3146,0.010585054808757377,68,-0.009765625
0895,1988,0.015582650146573807,84,0.017578125
0896,2526,0.012497656010080339,63,0.0081787109375
0897,2335,-0.0029496830847988223,108,-0.023437411058694124
0898,4004,0.018725674494766965,82,0.034722222222222224
0899,1941,-0.011751400256247452,75,0.0
0900,3204,0.004948327710744373,75,0.044189453125
0901,2972,0.001022369596532682,78,-0.041999101638793945
0902,5017,0.002831072034786201,59,0.0171875
0903,1817,-0.02049380126926634,75,-0.05037095811631945
0904,1568,0.002191268756179988,88,0.013888888888888888
0905,3517,0.0070122147249339975,96,0.003857421875
0906,4458,0.014183309726524825,90,-0.003472222222222222
0907,1672,-0.01368386646510331,81,-0.04887192589896066
0908,2994,0.0007555435173837487,67,0.0390625
0909,2010,-0.0036946711239288555,85,0.0029296875
0910,5356,-0.005297072382336969,64,-0.0537109375
0911,2509,0.019131453100755185,81,0.009114583333333334
0912,1456,-0.007073927665803392,112,-0.0185546875
0913,1264,-0.014992555102409185,62,0.005213737487792969
0914,2974,0.024663745887329547,82,-0.020833333333333332
0915,1551,-0.031818542817365854,76,0.002197265625
0916,2323,0.024635409780202473,101,0.0283203125
0917,1336,-0.01140995388480924,72,0.015633343031367986
0857,4671,0.009010470591106446,84,0.02803802490234375
0858,1055,0.003822759883505306,73,-0.0009765625
0859,3401,0.004922129163611206,91,-0.005859375
0860,2631,-0.010265655626311283,84,0.03736033673501677
0861,1943,0.027521528323150444,78,0.052276611328125
0862,1467,0.007699284362252193,95,-0.001736111111111111
0863,3310,-0.0067561515194519,82,-0.024305555555555556
0864,3840,0.0023182944834232327,82,0.01171875
0865,1807,0.00548089881723916,71,-0.015625
0866,1679,0.0016509162053975365,84,0.003472222222222222
0867,3943,0.02253116716776437,115,-0.03123410642147064
0868,3041,-0.008186448493870868,77,0.0017293294270833333
0869,1547,0.0020282877798279302,70,-0.00269317626953125
0870,1980,-0.023149632843428834,69,-0.013392857142857142
0871,2780,0.0014012506967363847,94,-0.10325445244378513
0872,2985,-0.010648946531454019,77,-0.010416666666666666
0873,1010,-0.010454721409997774,72,-0.04143524169921875
0874,2927,-0.01462600097597288,89,-0.08203125
0875,1077,-0.009864448886556723,92,-0.02605646306818182
0876,1739,0.0013071779369047958,99,-0.003125
0877,3083,0.001740864038991258,87,-0.017001585526899857
0878,1554,0.006093889813495373,117,-0.09576554731889204
0879,4027,-0.0024697665838646354,82,0.0008680555555555555
0880,2017,-0.014594778503886961,83,0.00061492919921875
0881,2183,0.002679366870283461,95,-0.00700976699590683
0882,3129,0.0032371993941455388,69,-0.07291666666666667
0883,2675,-0.013176618869021215,76,0.042454361516450136
0884,1614,-0.0037963679960603936,97,0.0002685546875
0885,4273,-0.01719244696190428,84,-0.02043171226978302
0886,2057,-0.0055694225691174356,93,0.0008680555555555555
0887,2936,-0.0013555847489636198,87,-0.0091796875
0888,2289,-0.00621579482831479,80,-0.0014408648047330125
0889,5679,-0.0007338762892880053,82,-0.03038203716278076
0890,1486,-0.0208724058947938,74,0.014486585344587053
0891,3311,-0.0025247520018682064,75,-0.10546875
1238,3479,0.005130369760668935,73,0.0002178614962594515
1239,3358,0.008890742207316444,62,-0.0625
1240,7317,-0.002850287678349768,45,-0.1328125
1241,2441,-0.013297355628662152,66,-0.00836181640625
1242,1851,0.01891694277607275,62,0.06616537884006643
1243,1093,0.013206551011994873,62,0.002685546875
1244,1822,0.017048531978175997,45,0.001953125
1245,1617,0.025943781633297754,67,0.0185546875
1246,1430,0.025844904993158526,63,0.02734375
1247,1497,0.016058450653165822,79,0.02660369873046875
1248,9617,0.00623879502500378,52,0.015625
1249,1382,0.008191783527298616,48,0.0610808253288269
1250,2842,0.009649585360040576,75,0.028889973958333332
1251,2678,0.02806977402040278,66,0.046875000989530236
1252,11961,0.006056706241910208,52,-0.125
1253,9728,0.009280921545111015,38,-0.015625
1254,1765,0.01701560216041074,43,0.0060546875
1255,1830,0.020552002111232127,55,0.020833333333333332
1256,6821,0.010165302855778182,58,0.009521484375
1257,2634,0.0007053191624038147,63,0.023492177006119164
1258,8028,0.0036121761754467994,93,0.015264337713068182
1259,2705,0.016163527651456157,61,0.039302280970982144
1260,6341,0.008088666774717193,27,0.02082411232307398
1261,1181,0.003925288489105504,60,0.01171875
1262,5811,0.019613109450631636,58,-0.03125
1263,2686,0.010383281674157923,61,0.010416666666666666
1264,14291,-0.0021288157529968143,52,-0.00228325633846301
1265,1519,-0.0017538491203398985,62,0.000991676455929073
1266,2778,0.001140983840222936,43,-0.015625
1267,2505,-0.004564485710187129,64,-0.019097222222222224
1268,1536,0.023254035575550176,58,0.0205078125
1269,1001,-0.03195348043733056,47,-0.0027669270833333335
1207,3406,-0.0026152747433270743,49,-0.01629638671875
1208,4219,0.0007971892013538965,64,0.017857142857142856
1209,1580,-0.0034164880977665306,84,0.026785714285714284
1210,1656,0.007286957986652632,47,0.07291666666666667
1211,7224,0.008114103994834603,65,0.019524334242305486
1212,31741,0.010251866202861958,41,0.03173828125
1213,2744,0.00041168222908973635,63,0.00244140625
1214,4313,0.002202416147892819,44,0.029296875
1215,2278,-0.006786530234939295,40,-0.0126953125
1216,3001,0.009961675125507616,72,-0.00518798828125
1217,2536,0.016900877907626823,44,-0.0375
1218,8870,0.013383147566401903,41,0.123046875
1219,11033,0.005128416653651354,70,-0.019792829241071428
1220,5340,0.009663505845742524,67,-0.0015487945638597012
1221,2003,0.009812451276830935,49,0.022115684300661086
1222,2303,0.027549942581615722,51,0.022104958227525156
1223,1190,0.008854562527134973,50,0.015625
1224,1150,0.02604200837343074,66,0.008928571428571428
1225,1227,0.02568483598420771,52,0.08878580729166667
1226,1432,-0.005486363592359458,44,0.12455240885416667
1227,1250,0.016793508662567454,62,0.05196738399993628
1228,12711,0.0016001392614660567,54,-0.0234375
1229,6498,-0.005017135852403509,49,0.0
1230,7869,-0.0004798498200440534,55,-0.026041666666666668
1231,12530,0.0008770914252929102,37,0.0032552083333333335
1232,12787,0.010039591239504573,47,0.1083984375
1233,32371,0.0023715085059676723,49,0.01015625
1234,7858,0.006187193603810674,58,0.0362761378288269
1235,6770,0.006919626275396459,59,4.0690104166666664e-05
1236,28367,0.006296996625690776,178,0.013508659321814775
1177,1638,0.006233865001232134,65,0.025669642857142856
1178,1750,0.009847620718075498,44,0.07552083333333333
1179,1486,0.007160478311309748,59,-0.014238630022321428
1180,811,0.013119999948941486,51,0.0205078125
1181,2272,0.037125403284898086,54,0.0375
1182,1115,0.018022261814464417,52,0.0078125
1183,2307,0.0030389053212155513,50,0.006415365831344388
1184,1268,0.010323536616468102,60,0.0
1185,2036,0.032336507928565635,64,0.016593754291534424
1186,6199,0.010537127708196382,82,0.05078125
1187,1381,0.012545664523224268,70,-0.027374267694149523
1188,1617,0.023119003259623235,65,-0.049479166666666664
1189,1342,-0.007800119120178321,72,0.007812380790710449
1190,2446,0.011420153818613502,83,0.004638567566871643
1191,7981,0.010545742783759486,31,0.0026041666666666665
1192,4652,0.017570171556045913,100,0.015086780894886364
1193,2973,0.013707940479562454,55,-0.04670308264238494
1194,7796,-0.0042780535872886565,36,0.0
1195,2184,0.0015326343191245412,67,-0.008335658482142858
1196,1074,0.0180904170480168,67,0.03156389508928571
1197,2474,0.011975483784478137,80,0.017852783203125
1198,6852,0.004305829429389983,33,-0.015625
1199,5141,0.007736756856328992,79,-0.010572817590501573
1200,11396,0.01054900879178328,48,-0.03862762451171875
1201,883,0.012578863556943059,59,0.005208333333333333
1202,5376,0.008803299903385594,67,0.060267857142857144
1203,5485,0.012565280329767368,68,0.005859375
1204,2992,0.014615650383983811,67,0.010416666666666666
1205,7265,0.007680290683928834,44,-0.125
1144,1236,-0.019498925948259877,71,-0.08900669642857142
1145,1359,0.00761891569911333,70,-0.021861361605780467
1146,2636,-0.002520316749887734,62,-0.025076729910714284
1147,5915,0.009256317619675386,50,-0.00994873046875
1148,2486,0.00967232874892228,63,0.0
1149,2819,0.01986183195574186,85,0.012373182508680556
1150,3314,-0.009008066710235029,65,-0.051060267857142856
1151,7386,0.005936024198392733,57,0.05045945516654423
1152,675,0.013189907731681034,89,0.023577008928571428
1153,4575,0.0010971574132824565,52,-0.02240753173828125
1154,1419,0.009812686606184158,66,0.0017361752688884735
1155,10257,0.00019844628866280182,64,-0.058349609375
1156,1262,0.027046262842686658,85,0.0119384765625
1157,6597,-0.0068715607908671405,42,-0.0794342041015625
1158,2267,-0.006887843900623618,62,-0.022600446428571428
1159,15266,-0.0038386498222242097,59,-0.04215955842179634
1160,3082,0.009823034464858382,72,0.0244140625
1161,1981,-0.003673002733283784,70,0.0
1162,1814,0.02973336681960104,58,0.055989583333333336
1163,1900,0.007925391383469104,56,0.017822265625
1164,2967,0.01818109025750292,70,0.018255615234375
1165,5455,-0.0012134825988414175,79,-0.006663730634110314
1166,15492,0.0024530507883702957,43,-0.05
1167,4587,0.00549142179720336,79,0.044921875
1168,1708,-0.00137526713697072,60,-3.2698731128480825e-06
1169,1499,0.015119148526488393,43,0.021826171875
1170,12439,6.865022897273407e-05,46,-0.0302734375
1171,10872,0.003584254187105114,41,0.0078125
1172,8235,-0.00047598356784997025,34,0.0
1173,27884,0.013242276075785672,49,0.00625
1174,308,0.017216411677778695,84,-0.005859375
1175,33707,0.005778076925339285,130,0.012788899739583333
1114,4978,0.004269834816424661,59,-0.0026041666666666665
1115,8362,0.004488059161571744,49,0.0390625
1116,8193,-0.003349912823830665,38,-0.002734375
1117,28778,0.005041379864523517,159,-0.007100423177083333
1118,12934,0.010241670888037293,46,0.0141448974609375
1119,1311,-0.004966670052531472,64,0.025626046316964284
1120,1571,-0.0022793929577871394,72,0.012834821428571428
1121,10399,-0.015027079342094912,52,-0.060546875
1122,1828,0.013738121763942212,58,0.008928571428571428
1123,1921,-0.011199430214695721,53,-0.0390625
1124,2872,0.0006125203106654409,97,-0.01473721590909091
1125,2450,0.010815220472512928,84,-0.0023018973214285715
1126,31955,0.015488441123527267,44,0.05537109375
1127,5361,0.007996966865975766,57,0.03837890625
1128,1258,-0.005577490390382552,88,-0.01129150390625
1129,1834,-0.003600918709278707,72,-0.016880580357142856
1130,1860,0.027745018222686272,53,0.0003662109375
1131,4672,-0.0036927276091983092,75,-0.02499835528433323
1132,2544,0.006300311904214798,71,0.003077915736607143
1133,1624,0.01292552391688029,51,0.03125
1134,2471,0.0016763590782375181,50,0.0
1135,2323,0.004976445106874821,46,-1.220703125e-05
1136,5377,-0.00569634413466301,49,0.0
1137,1841,-0.009376522169884572,64,0.006825764973958333
1138,5073,0.0029655015104974674,47,0.0019532978534698487
1139,2538,0.006602890776412096,46,-0.09375
1140,1660,-0.010911347595707674,87,0.0015892034804167565
1141,1678,-0.0007052409332238013,82,0.007378472222222222
1142,3459,0.012944897507887484,63,-0.005126953125
1078,1610,0.01314827806981711,58,-0.07781982421875
1079,5726,-0.011405888644114038,43,-0.1044342041015625
1080,2286,-0.015408910770839635,58,-0.0091552734375
1081,2368,0.007940257600348211,75,0.00390625
1082,2334,0.001981315146763175,81,-0.07142857142857142
1083,2939,0.01237677911829065,47,0.004587809244791667
1084,2572,-0.0016854689400550515,100,0.0107421875
1085,3731,0.006738939651992526,72,0.001953125
1086,2337,0.005791352915283011,59,-0.075
1087,3422,-0.010659101583328274,91,-0.01835773028433323
1088,2105,0.03143748895903061,52,0.00390625
1089,1261,0.013907296316964286,74,0.030192057291666668
1090,4547,0.004313970832672155,44,-0.02734375
1091,2759,-0.0061230688603651695,66,0.03428513876029423
1092,3139,0.01710434516014247,72,-0.07329450334821429
1093,1565,0.011840791987493127,55,0.05464181234128773
1094,2544,0.021293132613376668,55,0.0013910929361979167
1095,2463,-0.00795939142380568,73,-0.006696428571428571
1096,4189,0.010757315317296482,62,0.04394213358561198
1097,1861,0.008418707200690897,24,0.010416666666666666
1098,6018,0.009073880832818041,45,-0.078125
1099,2194,0.008915937467577092,62,0.000274658203125
1100,2456,-0.003928184218582996,66,0.01905059814453125
1101,16063,-0.00021666454229452668,63,-0.08921051025390625
1102,2196,-0.005330151888603844,56,-0.012276785714285714
1103,909,0.00019951276881720431,50,-0.03828125
1104,6334,0.0019716209022884426,40,-0.0509765625
1105,1291,0.016492559784196666,52,-0.018229166666666668
1106,1081,0.012376323513304867,72,0.03984375
1107,12618,0.007548930469899026,58,0.013020833333333334
1108,2318,-0.005774155694061395,67,0.021187918526785716
1109,4704,0.011972767576758416,35,0.0234375
1110,14777,0.0028170510931762116,38,0.0
1111,2026,-0.014938571521664635,63,-0.021514833439141512
1112,7394,0.0048254691415773425,32,-0.015625
1442,2663,0.023108204478231056,70,-0.08473714192708333
1443,1783,0.007379183985756607,41,0.02734375
1444,2450,-0.0046361731305579156,113,0.0064239501953125
1445,1513,-0.017990862248861515,94,-0.008432735096324574
1446,2571,0.009723240082421068,76,0.018614829047187698
1447,2212,0.0018216890988771936,81,-0.022569444444444444
1448,3178,0.008362566984475453,91,0.054443359375
1449,2303,-0.020157333872267043,55,-0.03359375
1450,2375,0.01821369310646609,69,-0.008928571428571428
1451,2381,0.005253100777681901,59,-0.0375
1452,4107,0.00319434664395376,95,0.024305555555555556
1453,3081,0.006577461843690693,83,-0.0478363037109375
1454,3342,-0.031632006807370126,77,-0.004464285714285714
1455,2085,-0.014445027603176185,89,0.010050455729166666
1456,1094,0.0004978822858146067,61,0.0046875
1457,2341,-0.007330203767387886,86,-0.02685546875
1458,1345,-0.002587573154071916,70,-0.019694010416666668
1459,1466,0.00630079158527466,114,0.006329623135653409
1460,1942,-0.011243554048759992,58,0.0
1461,2848,-0.009208378062496936,89,0.049072265625
1462,2236,0.0224413813282043,91,0.02998046875
0687,9744,0.008377226544886944,44,0.0
0715,2342,0.012507098407129734,58,0.0036446707589285715
0745,2753,0.0038623579592789925,88,0.025124289772727272
0776,2318,-0.0059975282841592025,75,-0.013671875
0806,2577,-0.01338854438356141,65,-0.002197265625
0835,1788,-0.012142758510188393,75,0.037109375
0856,4254,-0.0006266567179247171,83,-0.017385482788085938
0892,2479,0.0063695831162672994,83,0.021728515625
0918,1558,0.01444209506010028,75,-0.00347900390625
0948,4238,0.006886429774890916,33,0.0
0970,1387,0.006237920251315643,73,0.08203125
0989,1442,0.014423258581378197,52,-0.108642578125
1023,2961,-0.012319401037357198,70,0.0008544921875
1044,1675,0.008431764335878451,73,0.00040283203125
1077,752,0.04594685365441694,77,0.027345975240071613
1113,7317,0.013102342960115787,54,0.02197265625
1143,2758,0.03932958759380326,60,0.001953125
1176,2135,0.018847854080317295,59,0.012730189732142858
1206,4266,0.0040027390417844725,72,0.0048828125
1237,1314,0.007745221872960241,46,0.010416666666666666
1270,4629,0.009885182291664893,48,-0.06875
1289,1491,0.011076487805401275,55,-0.05625
1315,26989,0.006794474624439958,180,0.002671185661764706
1340,2040,-0.00907673017892912,70,0.0
1370,2400,-0.011344279371893981,78,-6.103515625e-05
1400,1857,-0.0076862691450984245,61,-0.0022757393973214285
1422,2415,0.018709130875639666,101,-0.03887939453125
1441,2992,0.007368539297470387,98,0.00556640625
1463,5,0,97,-0.04456676136363636
1482,2184,-0.010453914706706344,98,-0.05322265625
1509,2691,-0.0031959824803459718,94,0.0006256103515625
1545,1968,-0.0027306330616154273,110,-0.01281897226969401
1572,1855,0.0006468140653001527,84,-0.033148235744900174
1594,2023,-7.183301786284346e-05,105,0.0250645084272918
1401,2088,0.0067803131543922625,83,-0.0458984375
1402,1982,0.009612557329374981,69,0.023139105902777776
1403,1813,0.017286329220208514,86,0.003818723890516493
1404,4248,0.010010710935904424,86,0.0048828125
1405,875,0.030372336236955243,89,-0.030894886363636364
1406,2498,-0.0054390579920859375,92,-0.04633924696180555
1407,1298,0.02226182706807346,112,0.0005215731534090909
1408,2319,-0.015494252513408666,63,0.04743303571428571
1409,2623,-0.0011898142368215881,71,0.007216454755897368
1410,2638,0.014475720561980255,63,-0.013392857142857142
1411,2442,0.016856144138144822,99,-0.0031960227272727275
1412,2353,0.009104965842307336,130,-0.008745465959821428
1413,2014,-0.004550689697029616,100,0.0026041666666666665
1414,2714,-0.022157270310259318,119,-0.03125
1415,1786,0.004343110143856714,75,0.01671496419502156
1416,3865,0.003281080012489085,90,-0.000390625
1417,2067,0.010975182425851746,72,-0.00390625
1418,1962,0.024507596511994637,108,-0.037516276041666664
1419,2277,0.0033547936595237143,77,-0.043746185075706025
1420,2655,-0.007740237410666919,62,-0.020467122395833332
1421,2367,-0.006315973101268279,84,0.0
1371,2052,0.023272839671990384,91,0.009765625
1372,4812,-0.011527712614252983,76,-0.06770833333333333
1373,2333,0.021940149625656748,61,-0.09765625
1374,1929,-0.00912247043636048,71,-0.008928571428571428
1375,2386,-0.01755983941406061,81,0.0244140625
1376,2400,0.020989012855898957,53,-0.015555245535714286
1377,2503,0.007074500567838166,75,0.01318359375
1378,2335,0.0028575987591504494,78,0.00020751953125
1379,2539,-0.012750308444543704,80,0.053187829708414416
1380,1691,0.019555371056059756,60,-0.006439753941127232
1381,1811,0.007973413097158986,66,0.037272135416666664
1382,3528,0.007270954562954847,87,-0.010416666666666666
1383,2289,0.008706443729554664,86,-0.0460296630859375
1384,1863,-0.0010785379266732042,60,0.010323660714285714
1385,1892,0.0003997670720084413,94,-0.002387152777777778
1386,2039,-0.018640628770778055,39,0.019846598307291668
1387,2283,0.004997273395602258,80,0.05642361111111111
1388,2353,-0.011139695926127235,81,-0.00516510009765625
1389,1920,0.019479621924803257,93,0.010276100852272728
1390,2349,0.00863330505223749,95,0.0
1391,2267,0.01293305097126546,83,0.049560546875
1392,1133,-0.0070530246413822864,98,-0.03653564453125
1393,2394,-0.0018575248998875236,92,-0.02813873291015625
1394,2091,0.01403301937003239,73,0.08115940093994141
1395,2031,-0.010123915016425577,96,-0.004327392578125
1396,1805,-0.009511741920061595,98,-0.06104278564453125
1397,1190,0.004998436012687951,68,-0.058269023485833155
1398,1919,-0.015332773965794647,49,-0.1
1399,1972,0.00984198580464789,57,-0.05318603515625
1341,2099,-0.01328206603135145,34,0.03125
1342,2053,0.004267242623851876,58,-0.044270833333333336
1343,1426,-0.005280339163329041,47,-0.0015625
1344,4295,0.0029855624608947223,82,0.021049534995108844
1345,3862,-0.001245567272908159,53,-0.020833333333333332
1346,3154,0.0006990982799521296,60,0.04744452238082886
1347,2163,-0.021036526329809284,80,0.004964192708333333
1348,1161,0.006913899261260701,69,0.0798124223947525
1349,5187,0.007263974625905024,61,0.012044270833333334
1350,2620,0.006363407660764886,57,0.055419921875
1351,9028,0.012339083378516195,60,0.01943359375
1352,2993,-0.006258792929969954,54,-0.002655029296875
1353,788,-0.007859673017441338,59,0.00819091796875
1354,5,0,55,-0.01171875
1355,6189,-0.00046586817446233616,51,-0.015625
1356,7228,0.009886674360204732,42,-0.01470184326171875
1357,2957,-0.018899510116384858,54,-0.063690185546875
1358,6637,0.012727731542933057,50,0.000390625
1359,742,0.021850591155645603,52,0.05049351283482143
1360,4573,-0.006169870021581331,50,-1.52587890625e-05
1361,1444,0.006677216348036541,64,0.015625
1362,7827,-0.007260466913677583,70,0.0078125
1363,1096,0.02669274809341197,50,0.065625
1364,9789,0.0023465673819538886,59,0.0
1365,2465,-0.004742549383774397,74,-0.029513888888888888
1366,2116,0.006929588725348361,84,-0.017857142857142856
1367,1710,0.007823516224267609,84,-0.033203125
1368,1558,-0.008475387770244303,59,0.00511932373046875
1369,1776,-0.0040751626917089724,83,-0.03445095486111111
1316,2980,0.0007326140556663188,73,-0.040771484375
1317,6230,0.006754122749873016,59,0.021745954241071428
1318,1359,0.011381328125330646,57,0.07041015625
1319,1063,-0.009435452472184646,50,-0.2034912109375
1320,5005,-0.003597718168040471,77,-0.06884765625
1321,645,-0.0008422450178260844,54,0.03125
1322,8993,0.00624899022681548,30,-0.0419921875
1323,2503,-0.015858556604135585,55,-0.0013020833333333333
1324,2938,-0.013097497484663318,68,0.0033482142857142855
1325,12484,0.00280159207575575,44,0.0262298583984375
1326,2446,-0.0027883177429925475,64,0.0035807291666666665
1327,1156,-0.01809151227220161,56,-0.0026041666666666665
1328,5867,0.00970052396242618,52,0.03734938303629557
1329,1944,-0.009329894547250007,51,-0.11328125
1330,2402,-0.025601026401581496,69,0.0703125
1331,4768,-0.002545495256529079,51,0.0
1332,1517,0.008905600257155396,76,0.0015190972222222222
1333,3355,0.01984895410076494,64,0.0025737082275251546
1334,1581,0.005613000165656999,52,0.028125
1335,1194,-0.00246409188329646,60,-0.014373779296875
1336,8462,-0.0028272179838245326,51,0.0
1337,6304,0.0007949779168287968,68,-0.0224609375
1338,31070,0.004488509677546297,33,0.015625
1339,1234,0.011517966279990717,58,-0.0012919108072916667
1290,1719,-0.029381060146068918,63,-0.0693359375
1291,890,0.04633020126264124,60,-0.008463541666666666
1292,587,0.004200458865274082,72,0.06473214285714286
1293,951,-0.030772881611408686,34,0.0
1294,1365,0.0063310303985850795,58,0.004464285714285714
1295,474,-0.0329911081324433,67,-0.09066155012696982
1296,9073,0.0032037829463880596,51,-0.0029296875
1297,758,0.00036010356900533224,71,0.041666666666666664
1298,5629,0.014038442623850672,34,0.02734375
1299,1899,-0.004641349726590076,52,-0.047265625
1300,11743,0.002711871132889503,26,0.0
1301,580,-0.0003272096621564913,42,0.007812501484295353
1302,546,0.006566503698506006,66,0.052083333333333336
1303,1341,-0.009957122753257863,45,-0.038818359375
1304,3958,-0.003734910184945761,48,-0.020833333333333332
1305,6631,0.005275017372306908,45,0.0031371630728244783
1306,6822,0.011634211313869288,50,-0.04033203125
1307,4114,0.006127832235521612,70,0.018880208333333332
1308,6581,0.0017045014271084447,44,0.001556396484375
1309,5428,0.00028603701289834857,53,-0.0078125
1310,5555,0.014245945678373288,37,-0.015594482421875
1311,6711,-0.0037793738526813035,34,0.010416666666666666
1312,838,-0.010078093551459525,62,0.05465704156085849
1313,1253,0.026285591193801566,54,-0.00014495849609375
1314,7781,0.0013553572737210978,45,0.009814453125
0037,6695,0.012089458155191699,64,0.0117645263671875
0038,2771,-0.0004631861695483139,77,-0.006944444444444444
0039,1707,0.0036245628496305677,88,0.00634765625
0040,2071,0.008832407415116235,86,0.00061492919921875
0041,1539,-0.006336965451115056,61,-0.00010463169642857142
0042,2845,-0.0023134361319094897,58,0.0034877232142857145
0043,2955,0.004105462948877023,80,6.185259137834822e-05
0044,3437,0.013670893517932445,91,-0.0048828125
0045,3058,0.023653950954926582,102,0.035200639204545456
0046,10129,0.018413151407044602,54,-0.000390625
0047,2937,0.0027755565121769907,77,-0.031247944105416536
0048,4023,-0.007857379644570606,72,0.016514369419642856
0049,1608,-0.004409116692795743,93,-0.026171875
0050,722,0.013069035548072021,80,-0.035500697544642856
0051,2697,0.006690945644557422,59,0.004464285714285714
0052,3902,0.007531066763016037,72,0.08485630580357142
0053,1707,0.02238126391855124,78,0.004464285714285714
0054,3031,0.006573144438546922,83,0.0013020833333333333
0055,2248,0.017668700707573894,65,0.046875
0056,1228,0.0027241562819695685,74,-0.002232142857142857
0057,144,0.00808993252840909,41,0.15511205792427063
1595,2574,-0.011148621109615295,64,-0.058231353759765625
1596,2419,-0.0005519997687845023,61,-0.06510416666666667
1597,3141,-0.021653703159906647,73,-0.06911468505859375
1598,2731,0.021888279773664896,77,-0.0546875
1599,1893,-0.003240574133461656,80,0.0
1600,2753,0.00923758244893352,71,0.005370616912841797
1601,2716,-0.0016979919120393182,91,0.007634633724228476
1602,1109,-0.0030437433428462893,60,-0.038364955357142856
1603,2890,0.009457466167766883,92,-0.0489501953125
1604,1845,-0.007053342511517258,92,0.00687255859375
1605,2694,-0.005052001843251577,93,-0.0541015625
1606,5942,-0.0035168437597945367,509,-0.010532159742368777
1607,3162,-0.005643860705444042,85,-0.0017361104514242874
1608,2590,-0.014394884423699971,85,4.825592041015625e-05
1609,2101,-0.009310369941575762,91,-0.06395128038194445
1610,1833,-0.007908788828119155,71,-0.031040736607142856
1611,2916,-0.011917559419955013,88,-0.08715503150597215
1612,2522,-0.008280624977962999,75,-0.019908010959625244
1613,3211,0.012050951671745375,71,-0.012564522879464286
1614,2648,0.004027587384091204,91,-0.01934370957314968
1615,5,0,5,0
1616,1864,0.022402845736005313,69,0.0
1617,4631,0.016732962788263438,77,-0.004892985026041667
1618,5,0,5,0
1619,2432,0.008834582407281038,94,-0.037760416666666664
1620,2253,0.009750795705734087,76,0.048856668174266815
1621,3432,0.000937364033383357,70,0.059895833333333336
1622,1159,-0.011339768565758093,88,-0.01338822501046317
1623,891,0.0037407745925569593,66,0.027064732142857144
1624,2514,0.013177931582726942,73,0.005078125
1625,2297,-0.005319055563849184,84,-0.004108852810329861
1626,2497,0.001208870938278575,104,0.01700439453125
1573,3013,-0.05296963655735793,81,0.053925277665257454
1574,2409,-0.006280029395624522,89,0.0015625
1575,2310,0.044039360079951226,74,0.009207589285714286
1576,1760,0.03031458899261068,70,0.08203125
1577,2449,0.011361771122316124,82,-0.00771484375
1578,2855,-0.009353452628449551,104,-0.0005603814497590065
1579,1510,-0.006597945554532894,79,0.013671875
1580,2406,-0.0015210480594319692,98,-0.029097123579545456
1581,2132,0.008046395357629616,62,0.025
1582,3088,-0.0013145740660023893,81,0.000244140625
1583,2365,0.00512520621910673,88,-0.03607177734375
1584,2094,0.014373450213590147,67,0.012276785714285714
1585,1917,0.0033090281328119055,78,0.00390625
1586,846,0.023780131901519886,96,-0.0290771484375
1587,5847,0.014876162507024423,77,0.0036376953125
1588,3426,-0.007102912199103941,86,0.0032501220703125
1589,1087,0.03851278118621421,79,0.0
1590,3441,0.008578377999794494,54,-0.00625
1591,2084,-0.0016157590649721139,81,0.004041883680555556
1592,2633,-0.014904772208376332,92,-0.0234375
1593,1569,-0.0102756578954655,87,-0.041449652777777776
1546,2133,-0.00423326657769196,104,-0.013427734375
1547,3221,0.010599618197554637,82,0.077880859375
1548,2219,0.0013789151394582424,93,0.0078125
1549,3370,0.026227644479092066,84,1.1550055609809027e-05
1550,2724,-0.014656197160750978,68,-0.00439453125
1551,2539,-0.008637530712611625,75,0.0
1552,2557,-0.010547265530228063,101,0.023763020833333332
1553,2741,0.011642657191765783,84,0.0
1554,1846,-0.005433542133329224,72,-0.025770399305555556
1555,2809,-0.004715226393935222,82,-0.00390625
1556,2354,0.00877696951820847,78,0.0003138950892857143
1557,2804,-0.011127043779944125,103,-0.045806884765625
1558,993,-0.018331787109374997,93,-0.00703125
1559,2005,-0.0055743196136215,99,0.02644656868651509
1560,2423,-0.001582970479332219,102,-0.05007102272727273
1561,1801,-0.009700308891319828,106,0.04465553977272727
1562,2414,0.021230675083881084,84,0.013105119977678572
1563,2044,0.010453974922309336,104,-0.0227294921875
1564,2222,-0.020965169957260946,106,-0.0952546861436632
1565,2099,-0.006531587092311575,100,0.0091552734375
1566,5,0,58,0.028645833333333332
1567,2092,0.031055699803608366,80,-0.040625
1568,1793,0.008028304421399474,58,0.0057373046875
1569,1764,0.00305070129535693,84,0.010544108696922194
1570,1770,-0.01267391229884038,84,0.006944444444444444
1571,2401,0.02567515112189513,100,0.0035807291666666665
1510,2484,0.011443652214929568,78,0.019775390625
1511,1862,0.0009151173371558007,69,0.011160714285714286
1512,2508,0.0018023609221255693,91,-0.018229166666666668
1513,1310,-0.000736174786963114,74,0.002814398871527778
1514,2538,-0.010484605037997953,110,-0.028514862153366495
1515,2870,-0.020337403231665174,81,-0.012365552861895581
1516,2643,0.0032522254750409177,83,-0.028515625
1517,1945,-0.010908066000550392,44,0.0
1518,1603,-0.013554049651909806,68,0.016276041666666668
1519,3020,-0.009246697571083762,101,0.006417410714285714
1520,2646,0.007408614703657127,78,-0.08035714285714286
1521,2429,-0.0007496526678628933,77,-0.04296875
1522,1984,-0.0034191063468633435,88,-0.03807237413194445
1523,6062,0.011602334525690662,46,-0.041666666666666664
1524,1930,0.0065535836611722775,87,-0.001736111111111111
1525,2206,-0.013295120659070866,81,-0.009117657003419785
1526,1601,-0.006072903293862906,57,-0.0500244140625
1527,2564,0.0017752321263453995,62,-0.035858154296875
1528,2050,-0.011949907714479364,81,0.0030640429920620387
1529,5,0,69,0.022521079047187698
1530,3056,-0.0031821028483275857,95,-0.009114583333333334
1531,4270,-0.02412780768478689,68,-0.049107142857142856
1532,2305,-0.013201612490794492,94,-0.008463541666666666
1533,1763,-0.027829877256105345,84,-0.059594684176974826
1534,261,0.0037226216359571977,94,0.03179931640625
1535,3615,0.014513284544583446,82,0.02069091796875
1536,3250,0.0023919652745404566,65,-0.08203029644170812
1537,7059,-0.010441260655538222,51,-0.146875
1538,2406,-0.02891569189195596,92,-0.13045578002929686
1539,3947,0.007912860946294658,105,0.005350748697916667
1540,2760,0.006092604145709512,98,0.018465909090909092
1541,2589,0.014551234448937455,98,0.0705078125
1542,1986,0.012098277695923152,93,0.007290926846590909
1543,1850,-0.0013139644668814985,59,-0.04213169642857143
1544,2286,-0.011266099888549005,93,0.009943181818181818
1483,2413,0.013060452747998991,77,0.08333333333333333
1484,2429,0.009711625167469987,65,0.00013950892857142856
1485,2609,-0.010047394351966832,99,-0.04140625
1486,3121,-0.01109850447066704,85,0.0
1487,1084,-0.023781141230297308,77,-0.0185546875
1488,2817,0.024140799209371826,79,0.0234375
1489,1450,0.014161966062474588,105,-0.008273017075326707
1490,2553,-0.010109778677143298,87,0.030859375
1491,1867,0.014955111526133161,82,0.003472222222222222
1492,2268,-0.007500637763994384,87,-0.0316162109375
1493,2212,-0.00029516753756567425,100,-0.00048828125
1494,3068,-0.004065797234315506,73,-0.047642299107142856
1495,196,0.035551935224075494,86,0.06331370936499701
1496,1535,0.005286604822151489,83,-0.04513888888888889
1497,2694,-0.008784029078333129,58,0.009242466517857142
1498,3328,-0.008565288334273408,99,-0.0343017578125
1499,2243,-0.011584911425236091,111,0.05009765625
1500,2094,0.02123761203529592,92,0.0007595486111111111
1501,1778,-0.021667115891071627,89,0.004441823278154645
1502,3272,0.019315267613587924,89,-0.016510009765625
1503,2698,-0.00795832839235062,126,0.0033482142857142855
1504,2722,0.009395048047637425,52,0.00078125
1505,2400,0.02381843943598012,75,0.011369977678571428
1506,2892,-0.005322479689327676,113,-0.0604248046875
1507,1972,0.005844806648457325,153,-0.029049144071691176
1508,1397,0.019564546767295847,66,0.09503173828125
0213,2027,-0.006956431734346107,98,-0.09512606534090909
0214,1946,0.00932223864175902,102,0.013835213401100853
0215,2257,0.014366696116451852,94,-0.003472222222222222
0216,5,0,5,0
0217,21559,0.010640099352339352,97,-0.013873290421906858
0218,2130,0.007428344971706542,68,-0.06689508928571429
0219,3325,-0.005001907924974844,87,-0.03819444444444445
0220,1859,-0.011637136490520832,77,0.003472222222222222
0221,3211,0.012742039466423388,75,-0.019097222222222224
0222,4629,0.003996463683670645,64,-0.02081298828125
0223,2230,-0.019903608015157354,88,-0.00014919704861111112
0224,2396,0.0005285144358389601,111,-0.006219482421875
0225,2168,-0.009714082533324257,88,-0.044270833333333336
0226,3114,-0.004959642500733454,76,0.028564453125
0227,2825,0.00862367200074178,104,-0.016335811465978622
0228,2318,0.030412171638256633,89,-0.00078125
0229,2501,-0.0005733223138936306,78,-0.024553571428571428
0230,4693,0.007336424447563064,33,0.0234375
0081,9415,0.014951161068518638,82,0.00830078125
0082,4406,0.00984983638465809,87,-0.003173828125
0083,2349,0.009430908361209332,80,0.0
0084,1896,-0.00512743930422368,83,0.0
0085,3834,0.02149509370611367,54,-0.024609375
0086,4470,0.00941502203055887,74,0.0
0087,2297,0.011318964017705739,111,0.046067873826071803
0088,2699,0.004180973670451532,97,-0.0042174946178089485
0089,2093,0.02945749170429742,83,-0.006076388888888889
0090,2762,-0.021661167999274138,86,0.023220486111111112
0091,2325,0.004125280759169484,70,0.0
0092,7458,0.010840075307080557,67,0.0
0093,2630,0.0055260182481079055,80,-0.02447509765625
0094,2126,0.018501506296632508,86,0.0
0095,4107,-0.014831538570963703,106,-0.005045572916666667
0096,2459,0.005018384247729421,5,0
0097,1184,-0.00557217122534571,108,0.017206397669559174
0098,1788,0.0067491408584167524,109,0.039059956868489586
0635,2064,0.00044914087755926646,52,-0.01025390625
0636,1912,0.020467400976698674,95,0.00672607421875
0637,566,0.0019381938059993052,57,0.015625
0638,1941,-0.008626280080995412,62,0.032958984375
0639,1178,0.03451814761278267,31,0.0
0640,2391,1.8888373100659552e-05,56,0.0001983642578125
0641,2806,-0.01075809827055851,40,0.006510416666666667
0642,1488,-0.00441580127786707,40,0.006510416666666667
0643,1898,-0.03590965602496679,34,-0.12353897094726562
0644,1367,0.0022749049244946053,34,-0.08333333333333333
0645,2600,-0.0027089002854945796,92,-0.03125
0646,3921,-0.008560182232088853,102,-0.0130859375
0647,3036,0.007096589674250849,82,-0.037527311179372996
0648,33,0.031280517578125,22,0.093780517578125
0649,2328,0.00025149614872682716,115,0.04537259615384615
0650,391,0.0269461274777668,75,-0.0011160714285714285
0651,33,0.031280517578125,22,0.093780517578125
0652,641,-0.045498056071145196,102,0.009483924278846154
0653,1766,0.005351247507375438,60,-0.04296875
0654,4090,0.0066472655840044016,83,0.0082855224609375
0616,5,0,5,0
0617,2176,0.007100817118971873,100,-0.044759114583333336
0618,5,0,5,0
0619,1739,-0.002794717790648239,75,0.0550537109375
0620,1166,-0.019496776670597432,57,0.0015625
0621,33,0.031280517578125,22,0.093780517578125
0622,535,0.029676013911070758,81,-0.01015625
0623,1630,0.011006139319981451,60,0.04408482142857143
0624,33,0.031280517578125,22,0.093780517578125
0625,5,0,5,0
0626,1961,0.010916422233641521,58,0.0
0627,1744,-0.007183258422836015,51,-0.021484375
0628,433,-0.028679563789754302,35,0.0
0629,1720,0.008103180777781915,64,0.013671875
0630,5433,0.0056057406888930525,83,0.009765625
0631,4204,0.011856357621177167,75,0.014769614203437698
0632,1433,-0.014591858365153539,103,-0.055078125
0633,10196,0.009796245861062432,37,0.015625
0417,4079,0.016775654187577645,64,-0.08317057291666667
0418,7810,0.0035601277439207355,35,-0.078125
0419,6862,0.01619283081563388,68,-0.04520416259765625
0420,2835,0.013013438776516301,72,-0.02105712890625
0421,16321,-0.0016704490795777383,57,-0.197265625
0422,2974,-1.3446973442613373e-05,70,-0.025173611111111112
0423,4482,0.01686843034053526,81,0.04003560462115274
0424,11057,0.003877315420888726,37,0.0
0425,1910,0.023700172660181183,60,0.005894252232142857
0426,4002,0.020303657629692554,43,-0.0015625
0427,3038,-2.8348363925886758e-05,61,-0.037434895833333336
0428,3313,0.0036441829181587493,89,-0.07444593641493055
0429,1807,0.00978332282289001,63,-0.0026041666666666665
0430,3776,0.013865265397455539,78,-0.0117919921875
0431,2315,0.031001835540250173,42,0.0
0432,1910,0.023700172660181183,60,0.005894252232142857
0433,5328,0.005329079516131857,57,0.013667923138460278
0434,1690,0.007078156909719009,80,0.03887067437504551
0435,7223,0.004268247736628313,35,0.015625
0436,1541,-0.004956158222484282,47,0.00703125
0437,3481,-0.007073062201522284,74,0.04457294901034662
0438,3617,-0.005938711155565228,42,-0.00775146484375
0439,1058,0.025419985931698637,61,-0.029750279017857144
0440,2240,0.009257619458038439,65,0.029436383928571428
0441,2311,0.018827490481412898,84,0.0340118408203125
0442,2697,0.0024854679492632664,69,-0.0137939453125
0971,5991,0.01698300990100972,93,0.02593236540305573
0972,5453,0.001855832761768714,58,-0.10400390625
0973,321,-0.018698001748483097,63,0.0
0974,1035,0.0054189187676175355,50,-0.0008457728794642857
0975,727,0.000575509415763192,42,-0.008581586927175523
0976,2728,0.00037971886583254826,47,-0.00390625
0977,3724,0.0012581727115596696,64,0.018955775669642856
0978,7944,0.0049872393836362236,28,0.0
0979,1730,0.0043306590463870615,80,0.026124944910407066
0980,727,0.005733970369287921,37,0.0
0981,615,0.006501096961173144,51,-0.00234375
0982,7580,0.018568915516952958,59,0.015625
0983,8815,0.016260200992260512,67,0.01875152569326701
0984,1522,-0.0034809373084907125,43,0.0015625
0985,2466,0.007924864117710945,85,-0.03146701388888889
0986,9055,0.00016582660820446386,29,0.0
0987,3206,-0.02025413865627647,60,-0.0533905029296875
0988,6619,-0.011923636965430225,59,-0.12890625
0836,2956,0.006434196054985498,83,-0.039453125
0837,3260,-0.012863438389727533,93,0.018391927083333332
0838,2558,-0.053463740460361675,104,-0.009765625
0839,1935,-0.013040122420066153,95,-0.026041666666666668
0840,4579,-0.041484626609613516,82,-0.05162464488636364
0841,2688,0.02242003759279167,79,0.096923828125
0842,979,-0.014028080094022987,76,-0.028299967447916668
0843,2820,0.036625184838967484,104,0.014329698350694444
0844,1915,0.007355253727058947,86,0.02265625
0845,1938,-0.011631875892081076,97,-0.03544921875
0846,2726,-0.0052698466247885906,103,-0.0037834227085113527
0847,1824,-0.0006623306559815415,89,-0.05524553571428571
0848,2944,0.009245650136999704,92,-0.017469618055555556
0849,1746,-0.027436976634491097,87,0.00146484375
0850,1763,0.002168671089177741,94,0.01455965909090909
0851,2169,0.006850469846906616,73,0.01879119873046875
0852,2411,-0.007527829882040592,87,-0.044270833333333336
0853,1179,0.0034040268938475664,72,0.0184326171875
0854,1065,0.017270650535796683,91,0.02555156812410463
0855,1667,0.018315109742699013,80,-0.0146484375
1271,1737,0.016894792231093896,76,0.025909423828125
1272,5507,0.006052996211678025,52,0.037424723307291664
1273,8602,0.005163635227513855,33,0.0
1274,2336,0.011779874422008306,64,-0.02734375
1275,5,0,5,0
1276,1595,0.009665648953705702,68,0.0625
1277,642,0.006694203073328192,59,-0.09459130077205676
1278,6759,0.00678945553674618,36,0.015618084242305486
1279,1187,0.02155047306721961,67,0.00145721435546875
1280,8942,0.0011247333274609311,61,0.01171875
1281,13161,-0.00454521339342907,689,0.00850908306281359
1282,3076,0.005212515402613754,63,0.05208333432286357
1283,1004,0.0004200987661457665,68,-0.11744907924107142
1284,1407,-0.00016155638851394143,43,-0.015625
1285,1786,-0.005121225435078601,53,0.0171875
1286,1696,0.0019148277022458355,70,-0.061279296875
1287,1581,-0.020429858961226226,69,-0.006029400658527655
1288,812,0.021911415905930775,60,0.10101749499638875
1045,6098,0.009231801516533343,76,0.028436521689097088
1046,12007,0.014331754269338389,41,0.0
1047,7258,0.006369094001425003,50,0.0
1048,2457,0.003606575822319207,47,-0.0673828125
1049,706,0.036219574053559384,61,0.0
1050,7296,0.013760448813225285,46,-0.0076904296875
1051,6899,0.0004709732103101011,29,-0.140625
1052,5298,0.01495561323139289,60,-0.0234375
1053,15452,-0.0019549632925893188,44,-0.013671875
1054,7248,0.014077283666175498,53,0.007114955357142857
1055,7187,0.0022914080505368585,46,-0.03125
1056,1582,-0.016372884269541418,62,-0.08072916666666667
1057,9045,0.004611556123924176,61,0.03291015625
1058,32358,0.00473069807521884,199,0.018263058396420527
1059,6303,-0.008734146334232485,49,0.0537109375
1060,8121,-0.0022182071670715895,37,0.0
1061,7775,0.0024409745101994034,35,-0.03911590576171875
1062,2171,0.005190247931834883,68,0.015107291409705681
1063,9311,-0.006201753531988718,60,-0.044642857142857144
1064,1902,0.007323757456999782,77,0.016183035714285716
1065,2301,0.009962004894401863,74,0.0032552083333333335
1066,1239,-0.0012181147788873031,74,0.020528156562553097
1067,5454,0.0107990125306134,64,-0.005208333333333333
1068,2817,0.0008492236530097823,74,0.0107421875
1069,780,0.0165069580078125,49,-0.001953125
1070,3260,-0.01494615152373837,65,0.0078125
1071,19713,0.0036161656262227804,68,0.015625
1072,1456,0.009361166418302277,37,0.1058502197265625
1073,1546,0.009676114027588455,73,-0.04450436948178549
1074,3218,-0.008092610349557066,70,0.017012459758583582
1075,861,-0.03501633661629845,67,-0.1291631062825521
1076,1728,-0.004743364897929722,64,-0.010881696428571428
1464,2074,-0.005308408130622222,53,0.010416666666666666
1465,1314,0.019357253278938395,61,0.037109375
1466,1782,-0.023404681525284615,78,-0.010853768114530895
1467,2618,-0.0029943589765503275,67,0.018229166666666668
1468,1804,0.006688878613427818,114,-0.006272536057692308
1469,1810,-0.028421305699713614,111,-0.02403846153846154
1470,3489,-0.019849677970142827,85,-0.0859646267361111
1471,2615,0.019813344342580762,89,0.0763821072048611
1472,2730,0.02082166648336091,72,0.017604282924107144
1473,2431,-0.001609873516402122,96,0.012115478515625
1474,2573,0.0046461030787635004,47,0.0
1475,2417,-0.0016381703787701923,95,0.055338541666666664
1476,2467,-0.001271202174493071,112,-0.00625
1477,2486,-0.02525612428540152,107,-0.001171875
1478,1658,-0.006681164825812359,88,-0.004201126098632812
1479,2764,0.006515085966293183,103,-0.01796875
1480,1576,-0.025995081014116295,83,0.006617225706577301
1481,2665,0.002010649309445301,92,0.012367942116477272
1423,2226,0.027362776502708432,63,-0.004464285714285714
1424,2901,0.006031604857797569,79,0.028008355034722224
1425,2385,0.004973529453206496,93,0.0007595486111111111
1426,1620,0.0007105625346702658,102,-0.02695564790205522
1427,1276,0.003297111190272973,74,0.006976318359375
1428,2024,-0.024625222408212723,75,-0.046875
1429,1712,0.015531556716545982,77,0.008614676339285714
1430,1579,0.014828885411246745,87,-0.007864210340560222
1431,2987,-0.0056588524078895405,58,-0.04574040004185268
1432,2402,0.0030601836126151654,79,0.03150291062359299
1433,2361,0.005048306010987448,82,-0.014322916666666666
1434,1792,-0.0036210758487383522,65,0.006184895833333333
1435,2344,0.002110592310503682,105,0.0234375
1436,1796,0.02081261381559852,65,0.017547607421875
1437,2563,-0.016662776609447514,120,-0.020102339331060648
1438,5170,-0.014495318780738826,104,-0.0306884765625
1439,2685,-0.005946240345608026,66,-0.00625
1440,4141,0.0006961198036669068,105,-0.016436767578125
